user_id	attack_date	daily_txn_count
14556	2024-05-28	60
14569	2024-04-03	60
14559	2024-06-04	59
14564	2024-02-15	59
14566	2024-03-15	59
14557	2024-03-10	58
14567	2024-01-17	57
14571	2024-02-19	55
14527	2024-02-03	53
14514	2024-02-21	53
14572	2024-02-06	52
14526	2024-05-30	52
14575	2024-03-29	52
14523	2024-03-03	51
14507	2024-05-10	50
14530	2024-03-22	50
14573	2024-04-01	50
14520	2024-01-21	49
14521	2024-06-06	48
14518	2024-04-15	48
14508	2024-03-18	48
14529	2024-02-10	47
14525	2024-05-24	46
14513	2024-02-28	45
14565	2024-03-04	45
14519	2024-02-22	45
14510	2024-04-19	45
14511	2024-06-20	45
14512	2024-02-25	44
14504	2024-01-10	44
14574	2024-05-06	43
14503	2024-03-11	41
14524	2024-06-24	41
14558	2024-04-25	40
14517	2024-06-23	40
14516	2024-03-19	39
14506	2024-03-08	38
14502	2024-05-31	38
14501	2024-04-14	37
14505	2024-03-11	37
14515	2024-03-23	36
14570	2024-05-02	36
14509	2024-02-06	36
14528	2024-06-08	36
14561	2024-04-02	35
14522	2024-05-27	35
14568	2024-01-23	34
14562	2024-06-24	33
14560	2024-06-11	32
14563	2024-01-21	31
user_id	round_txn_count
14533	30
14534	30
14535	30
14532	29
14539	29
14541	29
14549	29
14548	28
14531	27
14555	27
14538	26
14537	25
14544	25
14543	24
14545	24
14547	24
14551	24
14554	24
14536	22
14546	22
14550	21
14542	20
14552	19
14540	18
14553	18
user_id	test_date	tiny_txn_count
14569	2024-04-03	60
14556	2024-05-28	60
14564	2024-02-15	59
14566	2024-03-15	59
14559	2024-06-04	59
14557	2024-03-10	58
14567	2024-01-17	57
14571	2024-02-19	55
14572	2024-02-06	52
14575	2024-03-29	52
14573	2024-04-01	50
14565	2024-03-04	45
14574	2024-05-06	43
14558	2024-04-25	40
14570	2024-05-02	36
14561	2024-04-02	35
14568	2024-01-23	34
14562	2024-06-24	33
14560	2024-06-11	32
14563	2024-01-21	31
user_id	failed_count
14595	35
14593	34
14576	33
14580	32
14581	32
14599	32
14585	31
14589	31
14590	31
14591	31
14594	31
14592	30
14597	29
14579	28
14600	28
14584	27
14598	27
14582	26
14583	26
14596	25
14586	23
14577	22
14587	21
14588	21
14578	20
user_id	matched_retry_pairs
14595	35
14593	34
14576	33
14580	32
14581	32
14599	32
14589	31
14594	31
14590	31
14591	31
14585	31
14592	30
14597	29
14600	28
14579	28
14584	27
14598	27
14582	26
14583	26
14596	25
14586	23
14577	22
14587	21
14588	21
14578	20
user_id	total_txns	odd_hour_txns
14608	63	58
14606	52	49
14607	53	46
14610	52	46
14617	52	46
14609	48	45
14616	51	44
14618	51	44
14605	50	42
14611	47	42
14613	48	42
14615	45	41
14614	47	40
14604	46	38
14612	46	38
14620	45	37
14601	42	34
14603	40	34
14602	35	30
14619	33	30
user_id	credit_count
14630	15
14637	15
14640	15
14643	15
14645	15
14628	14
14622	13
14632	13
14636	13
14646	13
14647	13
14621	12
14625	12
14631	12
14633	11
14644	11
14649	11
14626	10
14639	10
14650	10
14623	9
14627	9
14634	9
14635	9
14638	9
14624	8
14629	8
14641	8
14642	8
14648	8
user_id	mule_instances
14637	15
14640	15
14645	15
14643	15
14630	15
14628	14
14632	13
14636	13
14647	13
14622	13
14646	13
14625	12
14621	12
14631	12
14649	11
14644	11
14633	11
14626	10
14639	10
14650	10
14638	9
14627	9
14635	9
14623	9
14634	9
14648	8
14624	8
14629	8
14642	8
14641	8
user_id	total_txns	refund_count	refund_ratio
14662	39	25	0.64
14665	36	23	0.64
14670	50	32	0.64
14660	30	19	0.63
14666	52	32	0.62
14657	60	36	0.60
14652	27	16	0.59
14656	57	33	0.58
14661	36	21	0.58
14674	40	23	0.58
14659	60	34	0.57
14664	42	23	0.55
14671	53	29	0.55
14651	26	14	0.54
14669	28	15	0.54
14672	39	21	0.54
14654	37	19	0.51
14658	51	26	0.51
14673	37	19	0.51
14655	53	26	0.49
14675	58	28	0.48
14667	41	18	0.44
14668	47	20	0.43
14653	55	23	0.42
merchant_id	top5_total	merchant_total	top5_share
8	1611603.39	1613683.91	0.999
12	2175353.42	2177212.35	0.999
13	1915648.42	1918510.08	0.999
2	1954904.43	1958233.33	0.998
3	1478049.01	1481098.40	0.998
4	1864404.64	1868675.99	0.998
9	2134602.31	2139820.91	0.998
10	1422198.57	1424759.64	0.998
11	1605254.31	1609203.38	0.998
15	1278701.46	1281399.80	0.998
1	1573131.69	1577167.72	0.997
5	2118932.93	2125209.64	0.997
6	1318203.35	1322017.55	0.997
7	1925429.68	1930505.18	0.997
14	1730924.72	1735925.41	0.997
user_id	structuring_count
14680	25
14690	25
14693	22
14684	21
14689	21
14691	20
14686	17
14695	17
14679	16
14676	15
14678	15
14677	14
14692	14
14694	13
14681	12
14685	12
14687	12
14682	11
14683	10
14688	10
user_id	post_gap_txn_count
14526	55
14701	28
14708	28
14720	27
14707	26
14711	26
14714	26
14716	26
14698	25
14704	25
14696	24
14699	24
14710	24
14713	24
14715	24
14719	24
14703	23
14717	23
14705	22
14709	21
14706	19
14712	19
14697	18
14702	18
14718	18
14700	17
user_id	avg_monthly_count	peak_monthly_count	spike_ratio
14575	8.67	52	6.00
14573	8.33	50	6.00
14561	5.83	35	6.00
14558	6.67	40	6.00
14563	5.17	31	6.00
14522	6.50	39	6.00
14570	6.00	36	6.00
14574	7.17	43	6.00
14572	8.67	52	6.00
14556	10.00	60	6.00
14567	9.50	57	6.00
14559	9.83	59	6.00
14560	5.33	32	6.00
14562	5.50	33	6.00
14568	5.67	34	6.00
14564	9.83	59	6.00
14571	9.17	55	6.00
14569	10.00	60	6.00
14565	7.50	45	6.00
14557	9.67	58	6.00
14566	9.83	59	6.00
14520	9.00	52	5.78
14511	8.00	46	5.75
14526	9.33	53	5.68
14527	9.33	53	5.68
14509	6.50	36	5.54
14516	7.17	39	5.44
14708	5.17	28	5.42
14510	8.33	45	5.40
14515	6.67	36	5.40
14514	10.00	54	5.40
14512	8.17	44	5.39
14711	4.83	26	5.38
14523	9.50	51	5.37
14521	9.33	50	5.36
14698	4.67	25	5.36
14529	9.33	50	5.36
14508	9.17	49	5.35
14518	9.17	49	5.35
14715	4.50	24	5.33
14713	4.50	24	5.33
14717	4.33	23	5.31
14505	7.17	38	5.30
14502	7.17	38	5.30
14513	8.50	45	5.29
14507	9.83	52	5.29
14524	8.33	44	5.28
14721	11.50	60	5.22
14525	8.83	46	5.21
14519	8.83	46	5.21
14707	5.00	26	5.20
14714	5.00	26	5.20
14530	10.00	52	5.20
14501	7.33	38	5.18
14503	8.17	42	5.14
14710	4.67	24	5.14
14517	8.00	41	5.13
14504	8.83	45	5.09
14528	7.67	39	5.09
14701	5.50	28	5.09
14506	7.50	38	5.07
14720	5.33	27	5.06
14730	11.67	59	5.06
14735	11.33	57	5.03
14733	12.00	60	5.00
14704	5.00	25	5.00
user_id
14741
14742
14743
14744
14745
14746
14747
14748
14749
14750
14751
14752
14753
14754
14755
